a = 0.9897;
b = 0.05263;
d = 2;
kp = 20;
ki = 20;
% T = 1;
gamma = 0.1;
